    unsorted:	 103.9321833 163.0551393 457.1269935 2358.915487 27848.15489 64902.00294
      sorted:	 103.9321833 163.0551393 457.1269935 2358.915487 27848.15489 64902.00294
